216
30
0,0,0,0,0,0,0,0,0,0,0,0,0,0,0,0,0,0,0,0,0,0,0,0,0,0,0,0,0,0,0,0,0,0,0,0,0,0,0,0,0,0,0,0,0,0,0,0,0,0,0,0,0,0,0,0,0,0,0,0,0,0,0,0,0,0,0,0,0,0,0,0,0,0,0,0,0,0,0,0,0,0,0,0,0,0,0,0,0,0,0,0,0,0,0,0,0,0,0,0,0,0,0,0,0,0,0,0,0,0,0,0,0,0,0,0,0,0,0,0,0,0,0,0,0,0,0,0,0,0,0,0,0,0,0,0,0,0,0,0,0,0,0,0,0,0,0,0,0,0,0,0,0,0,0,0,0,0,0,0,0,0,0,0,0,0,0,0,0,0,0,0,0,0,0,0,0,0,0,0,0,0,0,0,0,0,0,0,0,0,0,0,0,0,0,0,0,0,0,0,0,0,0,0,0,0,0,0,0,0,0,0,0,0,0,0,
0,0,0,0,0,0,0,0,0,0,0,0,0,0,0,0,0,0,0,0,0,0,0,0,0,0,0,0,0,0,0,0,0,0,0,0,0,0,0,0,0,0,0,0,0,0,0,0,0,0,0,0,0,0,0,0,0,0,0,0,0,0,0,0,0,0,0,0,0,0,0,0,0,0,0,0,0,0,0,0,0,0,0,0,0,0,0,0,0,0,0,0,0,0,0,0,0,0,0,0,0,0,0,0,0,0,0,0,0,0,0,0,0,0,0,0,0,0,0,0,0,0,0,0,0,0,0,0,0,0,0,0,0,0,0,0,0,0,0,0,0,0,0,0,0,0,0,0,0,0,0,0,0,0,0,0,0,0,0,0,0,0,0,0,0,0,0,0,0,0,0,0,0,0,0,0,0,0,0,0,0,0,0,0,0,0,0,0,0,0,0,0,0,0,0,0,0,0,0,0,0,0,0,0,0,0,0,0,0,0,0,0,0,0,0,0,
0,0,0,0,0,0,0,0,0,0,0,0,0,0,0,0,0,0,0,0,0,0,0,0,0,0,0,0,0,0,0,0,0,0,0,0,0,0,0,0,0,0,0,0,0,0,0,0,0,0,0,0,0,0,0,0,0,0,0,0,0,0,0,0,0,0,0,0,0,0,0,0,0,0,0,0,0,0,0,0,0,0,0,0,0,0,0,0,0,0,0,0,0,0,0,0,0,0,0,0,0,0,0,0,0,0,0,0,0,0,0,0,0,0,0,0,0,0,0,0,0,0,0,0,0,0,0,0,0,0,0,0,0,0,0,0,0,0,0,0,0,0,0,0,0,0,0,0,0,0,0,0,0,0,0,0,0,0,0,0,0,0,0,0,0,0,0,0,0,0,0,0,0,0,0,0,0,0,0,0,0,0,0,0,0,0,0,0,0,0,0,0,0,0,0,0,0,0,0,0,0,0,0,0,0,0,0,0,0,0,0,0,0,0,0,0,
0,0,0,0,0,0,0,0,0,0,0,0,0,0,0,0,0,0,0,0,0,0,0,0,0,0,0,0,0,0,0,0,0,0,0,0,0,0,0,0,0,0,0,0,0,0,0,0,0,0,0,0,0,0,0,0,0,0,0,0,0,0,0,0,0,0,0,0,0,0,0,0,0,0,0,0,0,0,0,0,0,0,0,0,0,0,0,0,0,0,0,0,0,0,0,0,0,0,0,0,0,0,0,0,0,0,0,0,0,0,0,0,0,0,0,0,0,0,0,0,0,0,0,0,0,0,0,0,0,0,0,0,0,0,0,0,0,0,0,0,0,0,0,0,0,0,0,0,0,0,0,0,0,0,0,0,0,0,0,0,0,0,0,0,0,0,0,0,0,0,0,0,0,0,0,0,0,0,0,0,0,0,0,0,0,0,0,0,0,0,0,0,0,0,0,0,0,0,0,0,0,0,0,0,0,0,0,0,0,0,0,0,0,0,0,0,
0,0,0,0,0,0,0,0,0,0,0,0,0,0,0,0,0,0,0,0,661,662,663,0,0,0,0,0,0,0,0,0,0,0,0,0,0,0,0,0,0,0,0,0,0,0,0,0,0,0,0,0,0,0,0,0,0,0,0,0,0,0,0,0,0,0,0,0,0,661,662,663,0,0,0,0,0,0,0,0,0,0,0,0,0,0,661,662,662,663,0,0,0,0,0,0,0,0,0,0,0,0,0,0,0,0,0,0,0,0,0,0,0,0,0,0,0,661,662,663,0,0,0,0,0,0,0,0,0,0,0,0,0,0,661,662,662,663,0,0,0,0,0,0,0,0,0,0,0,0,0,0,0,0,0,0,0,0,0,0,0,0,0,0,0,661,662,663,0,0,0,0,0,0,0,0,0,0,0,0,0,0,661,662,662,663,0,0,0,0,0,0,0,0,0,0,0,0,0,0,281,0,0,0,0,0,0,0,0,0,0,0,0,0,0,0,
0,0,0,0,0,0,0,0,0,0,0,0,0,0,0,0,0,0,0,0,694,695,696,0,0,0,0,0,661,662,662,662,663,0,0,0,0,0,0,0,0,0,0,0,0,0,0,0,0,0,0,0,0,0,0,0,0,661,662,663,0,0,0,0,0,0,0,0,0,694,695,696,0,0,0,0,0,661,662,662,662,663,0,0,0,0,694,695,695,696,0,0,0,0,0,0,0,0,0,0,0,0,0,0,0,0,661,662,663,0,0,0,0,0,0,0,0,694,695,696,0,0,0,0,0,661,662,662,662,663,0,0,0,0,694,695,695,696,0,0,0,0,0,0,0,0,0,0,0,0,0,0,0,0,661,662,663,0,0,0,0,0,0,0,0,694,695,696,0,0,0,0,0,661,662,662,662,663,0,0,0,0,694,695,695,696,0,0,0,0,0,0,0,0,0,0,0,0,0,0,314,0,661,662,663,0,0,0,0,0,0,0,0,0,0,0,
0,0,0,0,0,0,0,0,0,0,0,0,0,0,0,0,0,0,0,0,0,0,0,0,0,0,0,0,694,695,695,695,696,0,0,0,0,0,0,0,0,0,0,0,0,0,0,0,0,0,0,0,0,0,0,0,0,694,695,696,0,0,0,0,0,0,0,0,0,0,0,0,0,0,0,0,0,694,695,695,695,696,0,0,0,0,0,0,0,0,0,0,0,0,0,0,0,0,0,0,0,0,0,0,0,0,694,695,696,0,0,0,0,0,0,0,0,0,0,0,0,0,0,0,0,694,695,695,695,696,0,0,0,0,0,0,0,0,0,0,0,0,0,0,0,0,0,0,0,0,0,0,0,0,694,695,696,0,0,0,0,0,0,0,0,0,0,0,0,0,0,0,0,694,695,695,695,696,0,0,0,0,0,0,0,0,0,0,0,0,0,0,0,0,0,0,0,0,0,0,314,0,694,695,696,0,0,0,0,0,0,0,0,0,0,0,
0,0,0,0,0,0,0,0,0,0,0,0,0,0,0,0,0,0,0,0,0,0,0,25,0,0,0,0,0,0,0,0,0,0,0,0,0,0,0,0,0,0,0,0,0,0,0,0,0,0,0,0,0,0,0,0,0,0,0,0,0,0,0,0,0,0,0,0,0,0,0,0,0,0,0,0,0,0,0,0,0,0,2,2,2,2,2,2,2,2,0,0,0,2,2,2,25,0,0,0,0,0,0,0,0,0,0,0,0,0,0,25,0,0,0,0,0,0,0,0,0,0,0,2,2,2,0,0,0,0,2,25,25,2,0,0,0,0,0,0,0,0,0,0,0,0,0,0,0,0,0,0,0,0,0,0,0,0,0,0,0,0,0,0,0,0,0,0,0,0,0,0,0,0,0,0,0,0,0,0,0,0,0,0,0,0,0,0,0,0,34,34,0,0,0,0,0,0,0,0,314,0,0,0,0,0,0,0,0,0,0,0,0,0,0,0,
0,0,0,0,0,0,0,0,0,0,0,0,0,0,0,0,0,0,0,0,0,0,0,0,0,0,0,0,0,0,0,0,0,0,0,0,0,0,0,0,0,0,0,0,0,0,0,0,0,0,0,0,0,0,0,0,0,0,0,0,0,0,0,0,0,0,0,0,0,0,0,0,0,0,0,0,0,0,0,0,0,0,0,0,0,0,0,0,0,0,0,0,0,0,0,0,0,0,0,0,0,0,0,0,0,0,0,0,0,0,0,0,0,0,0,0,0,0,0,0,0,0,0,0,0,0,0,0,0,0,0,0,0,0,0,0,0,0,0,0,0,0,0,0,0,0,0,0,0,0,0,0,0,0,0,0,0,0,0,0,0,0,0,0,0,0,0,0,0,0,0,0,0,0,0,0,0,0,0,0,0,0,0,0,0,0,0,0,0,34,34,34,0,0,0,0,0,0,0,0,314,0,0,0,0,0,0,0,0,0,0,0,0,0,0,0,
0,0,0,0,0,0,0,0,0,0,0,0,0,0,0,0,0,0,0,0,0,0,0,0,0,0,0,0,0,0,0,0,0,0,0,0,0,0,0,0,0,0,0,0,0,0,0,0,0,0,0,0,0,0,0,0,0,0,0,0,0,0,0,0,0,0,0,0,0,0,0,0,0,0,0,0,0,0,0,0,0,0,0,0,0,0,0,0,0,0,0,0,0,0,0,0,0,0,0,0,0,0,0,0,0,0,0,0,0,0,0,0,0,0,0,0,0,0,0,0,0,0,0,0,0,0,0,0,0,0,0,0,0,0,0,0,0,0,0,0,0,0,0,0,0,0,0,0,0,0,0,0,0,0,0,0,0,0,0,0,0,0,0,0,0,0,0,0,0,0,0,0,0,0,0,0,0,0,0,0,0,0,0,0,0,0,0,0,34,34,34,34,0,0,0,0,0,0,0,0,314,0,0,0,0,0,0,0,0,0,0,0,0,0,0,0,
0,0,0,0,0,0,0,0,0,0,0,0,0,0,0,0,0,0,0,0,0,0,0,0,0,0,0,0,0,0,0,0,0,0,0,0,0,0,0,0,0,0,0,0,0,0,0,0,0,0,0,0,0,0,0,0,0,0,0,0,0,0,0,0,0,0,0,0,0,0,0,0,0,0,0,0,0,0,0,0,0,0,0,0,0,0,0,0,0,0,0,0,0,0,0,0,0,0,0,0,0,0,0,0,0,0,0,0,0,0,0,0,0,0,0,0,0,0,0,0,0,0,0,0,0,0,0,0,0,0,0,0,0,0,0,0,0,0,0,0,0,0,0,0,0,0,0,0,0,0,0,0,0,0,0,0,0,0,0,0,0,0,0,0,0,0,0,0,0,0,0,0,0,0,0,0,0,0,0,0,0,0,0,0,0,0,0,34,34,34,34,34,0,0,0,0,0,0,0,0,314,0,0,0,0,0,12,12,12,0,0,0,0,0,0,0,
0,0,0,0,0,0,0,0,0,0,0,0,0,0,0,0,0,25,0,0,0,2,25,2,25,2,0,0,0,0,0,0,0,0,0,0,0,0,0,0,0,0,0,0,0,0,0,265,266,0,0,0,0,0,0,0,0,0,265,266,0,0,0,0,0,0,0,0,0,0,0,0,0,0,0,0,0,0,0,2,25,2,0,0,0,0,0,0,0,0,0,0,0,0,0,0,2,0,0,0,0,0,2,2,0,0,0,0,25,0,0,25,0,0,25,0,0,0,0,0,2,0,0,0,0,0,0,0,0,0,0,2,2,0,0,0,0,0,0,34,0,0,34,0,0,0,0,0,0,0,0,0,0,34,34,0,0,34,0,0,0,0,0,0,0,0,0,0,0,0,2,2,25,2,0,0,0,0,0,0,0,0,0,0,0,0,34,34,34,34,34,34,0,0,0,0,0,0,0,0,314,0,0,0,0,0,13,14,15,0,0,0,0,0,0,0,
0,0,286,0,0,0,0,0,0,0,0,0,0,0,0,0,0,0,0,0,0,0,0,0,0,0,0,0,0,0,0,0,0,0,0,0,0,0,0,265,266,0,0,0,0,0,0,298,299,0,0,286,0,0,0,0,0,0,298,299,0,0,0,0,0,0,0,0,0,0,0,0,0,0,0,0,0,0,0,0,0,0,0,0,0,0,0,0,0,0,0,0,0,0,0,0,0,0,0,0,286,0,0,0,0,0,0,0,0,0,0,0,0,0,0,0,0,0,0,0,0,0,0,0,0,0,0,0,0,0,0,0,0,0,0,0,0,0,34,34,0,0,34,34,0,0,0,0,286,0,0,0,34,34,34,0,0,34,34,0,0,0,0,0,0,0,0,0,0,0,0,0,0,0,0,0,0,0,0,0,0,0,0,0,0,34,34,34,34,34,34,34,0,0,0,0,286,0,0,0,314,0,0,0,12,45,45,45,45,45,12,0,0,0,0,0,
0,285,318,287,0,0,0,0,0,0,0,0,0,0,0,0,0,352,0,0,0,0,0,0,0,0,0,0,0,265,266,0,0,0,0,0,0,0,0,298,299,0,0,0,0,0,0,298,299,0,285,318,287,0,0,0,0,0,298,299,0,0,0,0,0,0,0,286,0,0,0,0,0,0,0,0,0,0,0,0,0,0,0,0,0,0,0,0,0,0,0,0,0,0,0,0,0,0,0,285,318,287,0,0,0,0,0,0,0,0,0,0,0,0,0,286,0,0,0,0,0,0,0,0,0,0,0,0,0,0,0,0,0,0,0,0,0,34,34,34,0,0,34,34,34,0,0,285,318,287,0,34,34,34,34,0,0,34,34,34,0,0,0,286,0,265,266,0,0,0,0,0,0,0,0,0,0,0,0,0,0,265,266,0,34,34,34,34,34,34,34,34,0,0,0,285,318,287,0,0,314,0,0,0,14,14,14,46,14,14,14,0,0,286,0,0,
285,318,319,318,287,0,0,0,0,0,0,309,310,310,310,311,285,318,353,0,0,0,0,0,309,310,311,0,0,298,299,0,0,0,0,0,0,0,0,298,299,0,309,310,310,311,0,298,299,285,318,319,318,287,0,0,0,0,298,299,0,309,310,310,310,311,285,318,287,0,0,0,0,309,310,311,0,0,0,0,0,0,0,0,0,0,0,0,0,0,0,309,310,310,311,0,0,0,285,318,319,318,287,0,0,0,0,0,0,309,310,310,310,311,285,318,287,0,0,0,0,309,310,311,0,0,0,0,0,0,0,0,0,0,0,0,34,34,34,34,310,310,34,34,34,34,285,318,319,318,34,34,34,34,34,0,0,34,34,34,34,311,285,318,287,298,299,0,0,309,310,311,0,0,0,0,0,0,0,0,0,298,299,34,34,34,34,34,34,34,34,34,0,0,285,318,319,318,287,0,34,0,0,0,14,14,14,47,14,14,14,311,285,318,287,0,
1,1,1,1,1,1,1,1,1,1,1,1,1,1,1,1,1,1,1,1,1,1,1,1,1,1,1,1,1,1,1,1,1,1,1,1,1,1,1,1,1,1,1,1,1,1,1,1,1,1,1,1,1,1,1,1,1,1,1,1,1,1,1,1,1,1,1,1,1,1,1,0,0,1,1,1,1,1,1,1,1,1,1,1,1,1,1,1,0,0,0,1,1,1,1,1,1,1,1,1,1,1,1,1,1,1,1,1,1,1,1,1,1,1,1,1,1,1,1,1,1,1,1,1,1,1,1,1,1,1,1,1,1,1,1,1,1,1,1,1,1,1,1,1,1,1,1,1,1,1,1,1,1,1,1,0,0,1,1,1,1,1,1,1,1,1,1,1,1,1,1,1,1,1,1,1,1,1,1,1,1,1,1,1,1,1,1,1,1,1,1,1,1,1,1,1,1,1,1,1,1,1,1,1,1,1,1,1,1,1,1,1,1,1,1,1,
1,1,1,1,1,1,1,1,1,1,1,1,1,1,1,1,1,1,1,1,1,1,1,1,1,1,1,1,1,1,1,1,1,1,1,1,1,1,1,1,1,1,1,1,1,1,1,1,1,1,1,1,1,1,1,1,1,1,1,1,1,1,1,1,1,1,1,1,1,1,1,0,0,1,1,1,1,1,1,1,1,1,1,1,1,1,1,1,0,0,0,1,1,1,1,1,1,1,1,1,1,1,1,1,1,1,1,1,1,1,1,1,1,1,1,1,1,1,1,1,1,1,1,1,1,1,1,1,1,1,1,1,1,1,1,1,1,1,1,1,1,1,1,1,1,1,1,1,1,1,1,1,1,1,1,0,0,1,1,1,1,1,1,1,1,1,1,1,1,1,1,1,1,1,1,1,1,1,1,1,1,1,1,1,1,1,1,1,1,1,1,1,1,1,1,1,1,1,1,1,1,1,1,1,1,1,1,1,1,1,1,1,1,1,1,1,
0,0,0,0,0,0,0,0,0,0,0,0,0,0,0,0,0,0,0,0,0,0,0,0,0,0,0,0,0,0,0,0,0,0,0,0,0,0,0,0,0,0,0,0,0,0,0,0,0,0,0,0,0,0,0,0,0,0,0,0,0,0,0,0,0,0,0,0,0,0,0,0,0,0,0,0,0,0,0,0,0,0,0,0,0,0,0,0,0,0,0,0,0,0,0,0,0,0,0,0,0,0,0,0,0,0,0,0,0,0,0,0,0,0,0,0,0,0,0,0,0,0,0,0,0,0,0,0,0,0,0,0,0,0,0,0,0,0,0,0,0,0,0,0,0,0,0,0,0,0,0,0,0,0,0,0,0,0,0,0,0,0,0,0,0,0,0,0,0,0,0,0,0,0,0,0,0,0,0,0,0,0,0,0,0,0,0,0,0,0,0,0,0,0,0,0,0,0,0,0,0,0,0,0,0,0,0,0,0,0,0,0,0,0,0,0,
69,0,0,0,69,69,69,69,69,69,69,0,0,0,0,298,0,0,0,0,0,0,0,0,0,0,0,0,0,0,0,0,0,0,0,0,0,0,0,0,0,0,0,0,0,0,0,0,0,0,0,0,0,0,0,0,0,0,0,0,0,0,0,0,0,0,0,0,0,0,0,0,0,0,0,0,0,0,0,0,0,0,0,0,0,0,0,0,0,0,0,0,0,0,0,0,0,0,0,0,0,0,0,0,0,0,0,0,0,0,0,0,0,0,0,0,0,0,0,0,0,0,0,0,0,0,0,0,0,0,0,0,0,0,0,0,0,0,0,0,0,0,0,0,0,0,0,0,0,0,0,0,0,0,0,0,0,0,0,0,0,0,0,0,0,0,0,0,0,0,0,0,0,0,0,0,0,0,0,0,0,0,0,0,0,0,0,0,0,0,0,0,0,0,0,0,0,0,0,0,0,0,0,0,0,0,0,0,0,0,0,0,0,0,0,0,
69,0,0,0,0,0,0,0,0,0,0,0,0,0,0,298,0,0,0,0,0,0,0,0,0,0,0,0,0,0,0,0,0,0,0,0,0,0,0,0,0,0,0,0,0,0,0,0,0,0,0,0,0,0,0,0,0,0,0,0,0,0,0,0,0,0,0,0,0,0,0,0,0,0,0,0,0,0,0,0,0,0,0,0,0,0,0,0,0,0,0,0,0,0,0,0,0,0,0,0,0,0,0,0,0,0,0,0,0,0,0,0,0,0,0,0,0,0,0,0,0,0,0,0,0,0,0,0,0,0,0,0,0,0,0,0,0,0,0,0,0,0,0,0,0,0,0,0,0,0,0,0,0,0,0,0,0,0,0,0,0,0,0,0,0,0,0,0,0,0,0,0,0,0,0,0,0,0,0,0,0,0,0,0,0,0,0,0,0,0,0,0,0,0,0,0,0,0,0,0,0,0,0,0,0,0,0,0,0,0,0,0,0,0,0,0,
69,0,0,0,0,124,124,124,124,124,0,0,0,0,0,298,0,0,0,0,0,0,0,0,0,0,0,0,0,0,0,0,0,0,0,0,0,0,0,0,0,0,0,0,0,0,0,0,0,0,0,0,0,0,0,0,0,0,0,0,0,0,0,0,0,0,0,0,0,0,0,0,0,0,0,0,0,0,0,0,0,0,0,0,0,0,0,0,0,0,0,0,0,0,0,0,0,0,0,0,0,0,0,0,0,0,0,0,0,0,0,0,0,0,0,0,0,0,0,0,0,0,0,0,0,0,0,0,0,0,0,0,0,0,0,0,0,0,0,0,0,0,0,0,0,0,0,0,0,0,0,0,0,0,0,0,0,0,0,0,0,0,0,0,0,0,0,0,0,0,0,0,0,0,0,0,0,0,0,0,0,0,0,0,0,0,0,0,0,0,0,0,0,0,0,0,0,0,0,0,0,0,0,0,0,0,0,0,0,0,0,0,0,0,0,0,
69,0,0,0,0,0,0,0,0,0,0,0,0,0,0,298,0,0,0,0,0,0,0,0,0,0,0,0,0,0,0,0,0,0,0,0,0,0,0,0,0,0,0,0,0,0,0,0,0,0,0,0,0,0,0,0,0,0,0,0,0,0,0,0,0,0,0,0,0,0,0,0,0,0,0,0,0,0,0,0,0,0,0,0,0,0,0,0,0,0,0,0,0,0,0,0,0,0,0,0,0,0,0,0,0,0,0,0,0,0,0,0,0,0,0,0,0,0,0,0,0,0,0,0,0,0,0,0,0,0,0,0,0,0,0,0,0,0,0,0,0,0,0,0,0,0,0,0,0,0,0,0,0,0,0,0,0,0,0,0,0,0,0,0,0,0,0,0,0,0,0,0,0,0,0,0,0,0,0,0,0,0,0,0,0,0,0,0,0,0,0,0,0,0,0,0,0,0,0,0,0,0,0,0,0,0,0,0,0,0,0,0,0,0,0,0,
69,0,0,0,124,124,124,124,124,124,124,0,0,0,0,298,0,0,0,0,0,0,0,0,0,0,0,0,0,0,0,0,0,0,0,0,0,0,0,0,0,0,0,0,0,0,0,0,0,0,0,0,0,0,0,0,0,0,0,0,0,0,0,0,0,0,0,0,0,0,0,0,0,0,0,0,0,0,0,0,0,0,0,0,0,0,0,0,0,0,0,0,0,0,0,0,0,0,0,0,0,0,0,0,0,0,0,0,0,0,0,0,0,0,0,0,0,0,0,0,0,0,0,0,0,0,0,0,0,0,0,0,0,0,0,0,0,0,0,0,0,0,0,0,0,0,0,0,0,0,0,0,0,0,0,0,0,0,0,0,0,0,0,0,0,0,0,0,0,0,0,0,0,0,0,0,0,0,0,0,0,0,0,0,0,0,0,0,0,0,0,0,0,0,0,0,0,0,0,0,0,0,0,0,0,0,0,0,0,0,0,0,0,0,0,0,
69,0,0,0,0,0,0,0,0,0,0,0,0,0,0,298,0,0,0,0,0,0,0,0,0,0,0,0,0,0,0,0,0,0,0,0,0,0,0,0,0,0,0,0,0,0,0,0,0,0,0,0,0,0,0,0,0,0,0,0,0,0,0,0,0,0,0,0,0,0,0,0,0,0,0,0,0,0,0,0,0,0,0,0,0,0,0,0,0,0,0,0,0,0,0,0,0,0,0,0,0,0,0,0,0,0,0,0,0,0,0,0,0,0,0,0,0,0,0,0,0,0,0,0,0,0,0,0,0,0,0,0,0,0,0,0,0,0,0,0,0,0,0,0,0,0,0,0,0,0,0,0,0,0,0,0,0,0,0,0,0,0,0,0,0,0,0,0,0,0,0,0,0,0,0,0,0,0,0,0,0,0,0,0,0,0,0,0,0,0,0,0,0,0,0,0,0,0,0,0,0,0,0,0,0,0,0,0,0,0,0,0,0,0,0,0,
69,0,0,0,124,124,124,124,124,124,124,0,0,0,0,298,0,0,0,0,0,0,0,0,0,0,0,0,0,0,0,0,0,0,0,0,0,0,0,0,0,0,0,0,0,0,0,0,0,0,0,0,0,0,0,0,0,0,0,0,0,0,0,0,0,0,0,0,0,0,0,0,0,0,0,0,0,0,0,0,0,0,0,0,0,0,0,0,0,0,0,0,0,0,0,0,0,0,0,0,0,0,0,0,0,0,0,0,0,0,0,0,0,0,0,0,0,0,0,0,0,0,0,0,0,0,0,0,0,0,0,0,0,0,0,0,0,0,0,0,0,0,0,0,0,0,0,0,0,0,0,0,0,0,0,0,0,0,0,0,0,0,0,0,0,0,0,0,0,0,0,0,0,0,0,0,0,0,0,0,0,0,0,0,0,0,0,0,0,0,0,0,0,0,0,0,0,0,0,0,0,0,0,0,0,0,0,0,0,0,0,0,0,0,0,0,
69,0,0,0,69,69,69,69,69,69,69,0,0,0,0,298,0,0,0,0,0,0,0,0,0,0,0,0,0,0,0,0,0,0,0,0,0,0,0,0,0,0,0,0,0,0,0,0,0,0,0,0,0,0,0,0,0,0,0,0,0,0,0,0,0,0,0,0,0,0,0,0,0,0,0,0,0,0,0,0,0,0,0,0,0,0,0,0,0,0,0,0,0,0,0,0,0,0,0,0,0,0,0,0,0,0,0,0,0,0,0,0,0,0,0,0,0,0,0,0,0,0,0,0,0,0,0,0,0,0,0,0,0,0,0,0,0,0,0,0,0,0,0,0,0,0,0,0,0,0,0,0,0,0,0,0,0,0,0,0,0,0,0,0,0,0,0,0,0,0,0,0,0,0,0,0,0,0,0,0,0,0,0,0,0,0,0,0,0,0,0,0,0,0,0,0,0,0,0,0,0,0,0,0,0,0,0,0,0,0,0,0,0,0,0,0,
69,0,0,0,69,69,69,69,69,69,69,0,0,267,268,269,0,0,0,0,0,0,0,0,0,0,0,0,0,0,0,0,0,0,0,0,0,0,0,0,0,0,0,0,0,0,0,0,0,0,0,0,0,0,0,0,0,0,0,0,0,0,0,0,0,0,0,0,0,0,0,0,0,0,0,0,0,0,0,0,0,0,0,0,0,0,0,0,0,0,0,0,0,0,0,0,0,0,0,0,0,0,0,0,0,0,0,0,0,0,0,0,0,0,0,0,0,0,0,0,0,0,0,0,0,0,0,0,0,0,0,0,0,0,0,0,0,0,0,0,0,0,0,0,0,0,0,0,0,0,0,0,0,0,0,0,0,0,0,0,0,0,0,0,0,0,0,0,0,0,0,0,0,0,0,0,0,0,0,0,0,0,0,0,0,0,0,0,0,0,0,0,0,0,0,0,0,0,0,0,0,0,0,0,0,0,0,0,0,0,0,0,0,0,0,0,
69,0,0,0,69,69,69,69,69,69,69,0,0,300,301,302,0,0,0,0,0,0,0,0,0,0,0,0,0,0,0,0,0,0,0,0,0,0,0,0,0,0,0,0,0,0,0,0,0,0,0,0,0,0,0,0,0,0,0,0,0,0,0,0,0,0,0,0,0,0,0,0,0,0,0,0,0,0,0,0,0,0,0,0,0,0,0,0,0,0,0,0,0,0,0,0,0,0,0,0,0,0,0,0,0,0,0,0,0,0,0,0,0,0,0,0,0,0,0,0,0,0,0,0,0,0,0,0,0,0,0,0,0,0,0,0,0,0,0,0,0,0,0,0,0,0,0,0,0,0,0,0,0,0,0,0,0,0,0,0,0,0,0,0,0,0,0,0,0,0,0,0,0,0,0,0,0,0,0,0,0,0,0,0,0,0,0,0,0,0,0,0,0,0,0,0,0,0,0,0,0,0,0,0,0,0,0,0,0,0,0,0,0,0,0,0,
67,67,67,67,67,67,67,67,67,67,67,67,67,67,67,67,0,0,0,0,0,0,0,0,0,0,0,0,0,0,0,0,0,0,0,0,0,0,0,0,0,0,0,0,0,0,0,0,0,0,0,0,0,0,0,0,0,0,0,0,0,0,0,0,0,0,0,0,0,0,0,0,0,0,0,0,0,0,0,0,0,0,0,0,0,0,0,0,0,0,0,0,0,0,0,0,0,0,0,0,0,0,0,0,0,0,0,0,0,0,0,0,0,0,0,0,0,0,0,0,0,0,0,0,0,0,0,0,0,0,0,0,0,0,0,0,0,0,0,0,0,0,0,0,0,0,0,0,0,0,0,0,0,0,0,0,0,0,0,0,0,0,0,0,0,0,0,0,0,0,0,0,0,0,0,0,0,0,0,0,0,0,0,0,0,0,0,0,0,0,0,0,0,0,0,0,0,0,0,0,0,0,0,0,0,0,0,0,0,0,0,0,0,0,0,0,
67,67,67,67,67,67,67,67,67,67,67,67,67,67,67,67,0,0,0,0,0,0,0,0,0,0,0,0,0,0,0,0,0,0,0,0,0,0,0,0,0,0,0,0,0,0,0,0,0,0,0,0,0,0,0,0,0,0,0,0,0,0,0,0,0,0,0,0,0,0,0,0,0,0,0,0,0,0,0,0,0,0,0,0,0,0,0,0,0,0,0,0,0,0,0,0,0,0,0,0,0,0,0,0,0,0,0,0,0,0,0,0,0,0,0,0,0,0,0,0,0,0,0,0,0,0,0,0,0,0,0,0,0,0,0,0,0,0,0,0,0,0,0,0,0,0,0,0,0,0,0,0,0,0,0,0,0,0,0,0,0,0,0,0,0,0,0,0,0,0,0,0,0,0,0,0,0,0,0,0,0,0,0,0,0,0,0,0,0,0,0,0,0,0,0,0,0,0,0,0,0,0,0,0,0,0,0,0,0,0,0,0,0,0,0,0

[Object Layer 1]
# base1
type=CONVEX
location=0,15,71,2

[Object Layer 1]
# base2
type=CONVEX
location=73,15,14,2

[Object Layer 1]
# base3
type=CONVEX
location=91,15,63,1

[Object Layer 1]
# base4
type=CONVEX
location=157,15,59,2

[Object Layer 1]
# pipe1
type=PIPE
location=29,13,2,2

[Object Layer 1]
# pipe2
type=PIPE
location=39,12,2,3

[Object Layer 1]
# pipe3
type=PIPE
location=47,11,2,4

[Object Layer 1]
# pipe4
type=PIPE
location=58,11,2,4

[Object Layer 1]
# pipe5
type=PIPE
location=165,13,2,2

[Object Layer 1]
# pipe6
type=PIPE
location=181,13,2,2

[Object Layer 1]
# box1
type=BOX
location=17,11,1,1

[Object Layer 1]
# box2
type=BOX
location=22,11,1,1

[Object Layer 1]
# box3
type=BOX
location=24,11,1,1

[Object Layer 1]
# box4
type=BOX
location=23,7,1,1

[Object Layer 1]
# box5
type=BOX
location=80,11,1,1

[Object Layer 1]
# box6
type=BOX
location=96,7,1,1

[Object Layer 1]
# box7
type=BOX
location=108,11,1,1

[Object Layer 1]
# box8
type=BOX
location=111,11,1,1

[Object Layer 1]
# box9
type=BOX
location=114,11,1,1

[Object Layer 1]
# box10
type=BOX
location=111,7,1,1

[Object Layer 1]
# box11
type=BOX
location=131,7,1,1

[Object Layer 1]
# box12
type=BOX
location=132,7,1,1

[Object Layer 1]
# box13
type=BOX
location=172,11,1,1

[Object Layer 1]
# brick1
type=BRICK
location=21,11,1,1

[Object Layer 1]
# brick2
type=BRICK
location=23,11,1,1

[Object Layer 1]
# brick3
type=BRICK
location=25,11,1,1

[Object Layer 1]
# brick4
type=BRICK
location=79,11,1,1

[Object Layer 1]
# brick5
type=BRICK
location=81,11,1,1

[Object Layer 1]
# brick6
type=BRICK
location=82,7,1,1

[Object Layer 1]
# brick7
type=BRICK
location=82,7,1,1

[Object Layer 1]
# brick8
type=BRICK
location=83,7,1,1

[Object Layer 1]
# brick9
type=BRICK
location=84,7,1,1

[Object Layer 1]
# brick10
type=BRICK
location=85,7,1,1

[Object Layer 1]
# brick11
type=BRICK
location=86,7,1,1

[Object Layer 1]
# brick12
type=BRICK
location=87,7,1,1

[Object Layer 1]
# brick13
type=BRICK
location=88,7,1,1

[Object Layer 1]
# brick14
type=BRICK
location=89,7,1,1

[Object Layer 1]
# brick15
type=BRICK
location=93,7,1,1

[Object Layer 1]
# brick16
type=BRICK
location=94,7,1,1

[Object Layer 1]
# brick17
type=BRICK
location=95,7,1,1

[Object Layer 1]
# brick18
type=BRICK
location=96,11,1,1

[Object Layer 1]
# brick19
type=BRICK
location=102,11,1,1

[Object Layer 1]
# brick20
type=BRICK
location=103,11,1,1

[Object Layer 1]
# brick21
type=BRICK
location=120,11,1,1

[Object Layer 1]
# brick22
type=BRICK
location=123,7,1,1

[Object Layer 1]
# brick23
type=BRICK
location=124,7,1,1

[Object Layer 1]
# brick24
type=BRICK
location=125,7,1,1

[Object Layer 1]
# brick25
type=BRICK
location=130,7,1,1

[Object Layer 1]
# brick26
type=BRICK
location=133,7,1,1

[Object Layer 1]
# brick27
type=BRICK
location=131,11,1,1

[Object Layer 1]
# brick28
type=BRICK
location=132,11,1,1

[Object Layer 1]
# brick29
type=BRICK
location=170,11,1,1

[Object Layer 1]
# brick30
type=BRICK
location=171,11,1,1

[Object Layer 1]
# brick31
type=BRICK
location=173,11,1,1

[Object Layer 1]
# stairs1
type=CONVEX
location=136,14,4,1

[Object Layer 1]
# stairs2
type=CONVEX
location=137,13,3,1

[Object Layer 1]
# stairs3
type=CONVEX
location=138,12,2,1

[Object Layer 1]
# stairs4
type=CONVEX
location=139,11,1,1

[Object Layer 1]
# stairs5
type=CONVEX
location=142,11,1,1

[Object Layer 1]
# stairs6
type=CONVEX
location=142,12,2,1

[Object Layer 1]
# stairs7
type=CONVEX
location=142,13,3,1

[Object Layer 1]
# stairs8
type=CONVEX
location=142,14,4,1

[Object Layer 1]
# stairs9
type=CONVEX
location=150,14,5,1

[Object Layer 1]
# stairs10
type=CONVEX
location=151,13,4,1

[Object Layer 1]
# stairs11
type=CONVEX
location=152,11,3,1

[Object Layer 1]
# stairs12
type=CONVEX
location=153,11,2,1

[Object Layer 1]
# stairs13
type=CONVEX
location=157,11,1,1

[Object Layer 1]
# stairs14
type=CONVEX
location=157,12,2,1

[Object Layer 1]
# stairs15
type=CONVEX
location=157,13,3,1

[Object Layer 1]
# stairs16
type=CONVEX
location=157,14,4,1

[Object Layer 1]
# stairs17
type=CONVEX
location=183,14,9,1

[Object Layer 1]
# stairs18
type=CONVEX
location=184,13,8,1

[Object Layer 1]
# stairs19
type=CONVEX
location=185,12,7,1

[Object Layer 1]
# stairs20
type=CONVEX
location=186,11,6,1

[Object Layer 1]
# stairs21
type=CONVEX
location=187,10,5,1

[Object Layer 1]
# stairs22
type=CONVEX
location=188,9,4,1

[Object Layer 1]
# stairs23
type=CONVEX
location=189,8,3,1

[Object Layer 1]
# stairs24
type=CONVEX
location=190,7,2,1

[Object Layer 1]
# stairs25
type=CONVEX
location=200,14,1,1

[Object Layer 1]
# wall1
type=CONVEX
location=4,25,7,3

[Object Layer 1]
# wall2
type=CONVEX
location=4,18,7,1

[Object Layer 1]
# wall3
type=CONVEX
location=0,18,1,10

[Object Layer 1]
# pipe7
type=PIPE
location=13,26,3,2

[Object Layer 1]
# convex5
type=CONVEX
location=15,18,1,8

[Object Layer 1]
# convex6
type=CONVEX
location=0,28,16,2

[Object Layer 1]
# pole1
type=POLE
location=200,5,0,9

[Object Layer 1]
# flag1
type=FLAG
location=199,4,1,1

[Object Layer 1]
# coin1
type=COIN
location=4,24,1,1

[Object Layer 1]
# coin2
type=COIN
location=4,22,1,1

[Object Layer 1]
# coin3
type=COIN
location=5,20,1,1

[Object Layer 1]
# coin4
type=COIN
location=6,20,1,1

[Object Layer 1]
# coin5
type=COIN
location=7,20,1,1

[Object Layer 1]
# coin6
type=COIN
location=8,20,1,1

[Object Layer 1]
# coin7
type=COIN
location=9,20,1,1

[Object Layer 1]
# coin8
type=COIN
location=5,22,1,1

[Object Layer 1]
# coin9
type=COIN
location=6,22,1,1

[Object Layer 1]
# coin10
type=COIN
location=7,22,1,1

[Object Layer 1]
# coin11
type=COIN
location=8,22,1,1

[Object Layer 1]
# coin12
type=COIN
location=9,22,1,1

[Object Layer 1]
# coin13
type=COIN
location=10,22,1,1

[Object Layer 1]
# coin14
type=COIN
location=5,24,1,1

[Object Layer 1]
# coin15
type=COIN
location=6,24,1,1

[Object Layer 1]
# coin16
type=COIN
location=7,24,1,1

[Object Layer 1]
# coin17
type=COIN
location=8,24,1,1

[Object Layer 1]
# coin18
type=COIN
location=9,24,1,1

[Object Layer 1]
# coin19
type=COIN
location=10,24,1,1


